2
0 90 19
0 180 9

0.0622286915
0.0622286915
0.0622286915
0.0622286915
0.0622286915
0.0622286915
0.0622286915
0.0622286915
0.0622286915
0.0691913421
0.0691913421
0.0674506795
0.0652748512
0.0617935258
0.0591825317
0.0570067031
0.0557012063
0.0548308748
0.0752836616
0.073542999
0.0709320047
0.0674506795
0.0617935258
0.0552660405
0.0513495497
0.0483033899
0.0474330585
0.087903466
0.085292472
0.076153993
0.0683210107
0.0600528629
0.0513495497
0.0452572302
0.041340739
0.0396000764
0.101828768
0.0961716138
0.0839869751
0.0683210107
0.0583122003
0.0469978927
0.0391649107
0.0152307986
0.0378594135
0.118365063
0.110967247
0.0922551229
0.0696265078
0.0557012063
0.0426462361
0.0361187509
0.0396000764
0.041340739
0.127938708
0.123587052
0.102263933
0.0722375019
0.0526550465
0.0378594135
0.0361187509
0.0422110704
0.0448220644
0.145780501
0.134031028
0.110967247
0.0739781644
0.0487385553
0.0330725912
0.0378594135
0.0456923959
0.0483033899
0.156659643
0.147085998
0.115754069
0.0770243242
0.0448220644
0.0295912658
0.0391649107
0.0448220644
0.043951733
0.169714613
0.156659643
0.126198046
0.0783298213
0.0409055733
0.0274154374
0.0404704075
0.0378594135
0.0361187509
0.181464086
0.168409116
0.133595862
0.0809408154
0.0361187509
0.0265451061
0.0352484195
0.0287209345
0.0274154374
0.210620186
0.184945411
0.141428844
0.0796353182
0.0304615972
0.0252396091
0.0269802718
0.0217582837
0.020017621
0.184510246
0.184945411
0.139253016
0.0770243242
0.0248044434
0.0234989464
0.0191472896
0.0147956329
0.0130549702
0.160576134
0.163187128
0.133160696
0.0683210107
0.018712124
0.0195824553
0.0130549702
0.00783298213
0.00565715377
0.114013407
0.113143075
0.115754069
0.0570067031
0.0126198046
0.0134901359
0.00609231943
0.00174066269
0.000870331349
0.0948661169
0.093125454
0.0809408154
0.0404704075
0.00696265078
0.00696265078
0.000870331349
0.000870331349
0.000870331349
0.0487385553
0.0509143839
0.0448220644
0.0221934494
0.00304615972
0.00217582837
0.000435165673
0.000870331349
0.000870331349
0.00913847915
0.0113143075
0.00957364484
0.00435165673
0.000870331349
0
0.000435165673
0.000870331349
0.000870331349
0
0
0
0.000435165673
0
0
0
0
0.000435165673
